500 1000 500
1500 1000 500
1500 1000 1500
500 1000 1500

500 1000 2000
1500 1000 2000
1500 1000 3000
500 1000 3000

-1500 1000 2000
-500 1000 2000
-500 1000 3000
-1500 1000 3000

-1500 1000 500
-500 1000 500
-500 1000 1500
-1500 1000 1500

500 0 500
1500 0 500
1500 0 1500
500 0 1500

500 0 2000
1500 0 2000
1500 0 3000
500 0 3000

-1500 0 2000
-500 0 2000
-500 0 3000
-1500 0 3000

-1500 0 500
-500 0 500
-500 0 1500
-1500 0 1500

500 0 500
1500 0 500
1500 1000 500
500 1000 500

500 0 2000
1500 0 2000
1500 1000 2000
500 1000 2000

-1500 0 2000
-500 0 2000
-500 1000 2000
-1500 1000 2000

-1500 0 500
-500 0 500
-500 1000 500
-1500 1000 500

500 0 1500
1500 0 1500
1500 1000 1500
500 1000 1500

500 0 3000
1500 0 3000
1500 1000 3000
500 1000 3000

-1500 0 3000
-500 0 3000
-500 1000 3000
-1500 1000 3000

-1500 0 1500
-500 0 1500
-500 1000 1500
-1500 1000 1500

500 0 500
500 1000 500
500 1000 1500
500 0 1500

500 0 2000
500 1000 2000
500 1000 3000
500 0 3000

-1500 0 2000
-1500 1000 2000
-1500 1000 3000
-1500 0 3000

-1500 0 500
-1500 1000 500
-1500 1000 1500
-1500 0 1500

1500 0 500
1500 1000 500
1500 1000 1500
1500 0 1500

1500 0 2000
1500 1000 2000
1500 1000 3000
1500 0 3000

-500 0 2000
-500 1000 2000
-500 1000 3000
-500 0 3000

-500 0 500
-500 1000 500
-500 1000 1500
-500 0 1500